1658132896.100292921 0.000000 0.000000 0.000000 0.000000 0.000000 0.000000 1.000000
1658132896.200741053 0.000644 0.000659 0.000000 0.000000 0.000000 0.000000 1.000000
1658132896.296355963 -0.000019 -0.001166 0.000000 0.000000 0.000000 0.000000 1.000000
1658132896.397962093 0.000501 -0.001161 -0.000054 0.000000 0.000000 0.000000 1.000000
1658132896.497711897 0.000903 -0.000695 -0.000122 0.000000 0.000000 0.000000 1.000000
1658132896.598108053 0.001401 -0.000075 -0.000122 0.000000 0.000000 0.000000 1.000000
1658132896.698837042 0.000757 -0.001919 -0.000122 0.000000 0.000000 0.000000 1.000000
1658132896.798907995 0.001590 -0.001938 -0.000183 0.000000 0.000000 0.000000 1.000000
1658132896.899353981 0.001697 -0.001326 -0.000244 0.000000 0.000000 0.000000 1.000000
1658132896.999666929 0.000476 -0.001053 -0.000244 0.000000 0.000000 0.000000 1.000000
1658132897.100081921 0.000586 -0.001732 -0.000244 0.000000 0.000000 0.000000 1.000000
1658132897.200824976 0.000787 -0.002465 -0.000318 0.000000 0.000000 0.000000 1.000000
1658132897.296181917 0.001081 -0.001901 -0.000366 0.000000 0.000000 0.000000 1.000000
1658132897.397315025 -0.000399 -0.003063 -0.000366 0.000000 0.000000 0.000000 1.000000
1658132897.497690916 -0.000179 -0.003119 -0.000366 0.000000 0.000000 0.000000 1.000000
1658132897.597975016 0.000143 -0.003192 -0.000366 0.000000 0.000000 0.000000 1.000000
1658132897.698323965 -0.000102 -0.004795 -0.000366 0.000000 0.000000 0.000000 1.000000
1658132897.799190998 0.000894 -0.004601 -0.000431 0.000000 0.000000 0.000000 1.000000
1658132897.899038076 0.001470 -0.003739 -0.000488 0.000000 0.000000 0.000000 1.000000
1658132897.999464989 0.002074 -0.002711 -0.000555 0.000000 0.000000 0.000000 1.000000
1658132898.099947929 0.000665 -0.002913 -0.000610 0.000000 0.000000 0.000000 1.000000
1658132898.200275898 0.000987 -0.002466 -0.000679 0.000000 0.000000 0.000000 1.000000
1658132898.296257019 0.001491 -0.002054 -0.000732 0.000000 0.000000 0.000000 1.000000
1658132898.396981001 0.001372 -0.002256 -0.000783 0.000000 0.000000 0.000000 1.000000
1658132898.496913910 0.002218 -0.002664 -0.000854 0.000000 0.000000 0.000000 1.000000
1658132898.597546101 0.003229 -0.003100 -0.000909 0.000000 0.000000 0.000000 1.000000
1658132898.698769093 0.003710 -0.003066 -0.000977 0.000000 0.000000 0.000000 1.000000
1658132898.798101902 0.002870 -0.005092 -0.001028 0.000000 0.000000 0.000000 1.000000
1658132898.898591042 0.003107 -0.004484 -0.001099 0.000000 0.000000 0.000000 1.000000
1658132898.999423027 0.003417 -0.003688 -0.001168 0.000000 0.000000 0.000000 1.000000
1658132899.099355936 0.001378 -0.002663 -0.001221 0.000000 0.000000 0.000000 1.000000
1658132899.199781895 0.001534 -0.001408 -0.001292 0.000000 0.000000 0.000000 1.000000
1658132899.296117067 0.001620 -0.000930 -0.001343 0.000000 0.000000 0.000000 1.000000
1658132899.396461010 0.001812 -0.000425 -0.001343 0.000000 0.000000 0.000000 1.000000
1658132899.496957064 -0.000247 -0.002303 -0.001343 0.000000 0.000000 0.000000 1.000000
1658132899.597256899 -0.000165 -0.002285 -0.001384 0.000000 0.000000 0.000000 1.000000
1658132899.697717905 -0.000276 -0.002009 -0.001465 0.000000 0.000000 0.000000 1.000000
1658132899.797979116 -0.001443 -0.002337 -0.001526 0.000000 0.000000 0.000000 1.000000
1658132899.898521900 -0.001564 -0.001897 -0.001587 0.000000 0.000000 0.000000 1.000000
1658132899.998752117 -0.001592 -0.001354 -0.001587 0.000000 0.000000 0.000000 1.000000
1658132900.099320889 -0.000935 -0.002064 -0.001587 0.000000 0.000000 0.000000 1.000000
1658132900.199489117 -0.001451 -0.005129 -0.001654 0.000000 0.000000 0.000000 1.000000
1658132900.296123028 -0.001242 -0.004446 -0.001709 0.000000 0.000000 0.000000 1.000000
1658132900.396816015 -0.000978 -0.003501 -0.001709 0.000000 0.000000 0.000000 1.000000
1658132900.497242928 -0.001726 -0.003213 -0.001709 0.000000 0.000000 0.000000 1.000000
1658132900.597605944 -0.000925 -0.002626 -0.001709 0.000000 0.000000 0.000000 1.000000
1658132900.697964907 0.000330 -0.002037 -0.001709 0.000000 0.000000 0.000000 1.000000
1658132900.798460960 0.001818 -0.001565 -0.001709 0.000000 0.000000 0.000000 1.000000
1658132900.898852110 0.002248 -0.003791 -0.001709 0.000000 0.000000 0.000000 1.000000
1658132900.998965979 0.003335 -0.004341 -0.001709 0.000000 0.000000 0.000000 1.000000
1658132901.099869967 0.002896 -0.003603 -0.001709 0.000000 0.000000 0.000000 1.000000
1658132901.199940920 0.000153 -0.002662 -0.001780 0.000000 0.000000 0.000000 1.000000
1658132901.296154976 0.001050 -0.003048 -0.001831 0.000000 0.000000 0.000000 1.000000
1658132901.397190094 0.001887 -0.002947 -0.001881 0.000000 0.000000 0.000000 1.000000
1658132901.496964931 0.002636 -0.003775 -0.001953 0.000000 0.000000 0.000000 1.000000
1658132901.597803116 0.002195 -0.006703 -0.002108 0.000000 0.000000 0.000000 1.000000
1658132901.698357105 0.001334 -0.006961 -0.002808 0.000000 0.000000 0.000000 1.000000
1658132901.798459053 0.000759 -0.006831 -0.003596 0.000000 0.000000 0.000000 1.000000
1658132901.898824930 -0.000751 -0.007170 -0.004272 0.000000 0.000000 0.000000 1.000000
1658132901.999042034 -0.000575 -0.006871 -0.004712 0.000000 0.000000 0.000000 1.000000
1658132902.099544048 -0.001026 -0.007133 -0.004761 0.000000 0.000000 0.000000 1.000000
1658132902.200102091 -0.001394 -0.007667 -0.005096 0.000000 0.000000 0.000000 1.000000
1658132902.295981884 -0.005017 -0.008403 -0.004883 0.000000 0.000000 0.000000 1.000000
1658132902.396466970 -0.006178 -0.007914 -0.004563 0.000000 0.000000 0.000000 1.000000
1658132902.496900082 -0.006281 -0.006629 -0.005057 0.000000 0.000000 0.000000 1.000000
1658132902.597151995 -0.006196 -0.004531 -0.004560 0.000000 0.000000 0.000000 1.000000
1658132902.697642088 -0.005654 -0.003315 -0.004679 0.000000 0.000000 0.000000 1.000000
1658132902.797947884 -0.005287 -0.002166 -0.004564 0.000000 0.000000 0.000000 1.000000
1658132902.898408890 -0.004988 -0.001868 -0.004456 0.000000 0.000000 0.000000 1.000000
1658132902.998764038 -0.004951 -0.002594 -0.003733 0.000000 0.000000 0.000000 1.000000
1658132903.099203110 -0.005522 -0.003701 -0.003485 0.000000 0.000000 0.000000 1.000000
1658132903.199455023 -0.006173 -0.004931 -0.003842 0.000000 0.000000 0.000000 1.000000
1658132903.295990944 -0.008582 -0.008209 -0.004316 0.000000 0.000000 0.000000 1.000000
1658132903.397408009 -0.009664 -0.008763 -0.004494 0.000000 0.000000 0.000000 1.000000
1658132903.497701883 -0.010417 -0.009408 -0.005237 0.000000 0.000000 0.000000 1.000000
1658132903.598143101 -0.010883 -0.009656 -0.004624 0.000000 0.000000 0.000000 1.000000
1658132903.698435068 -0.010772 -0.010748 -0.003293 0.000000 0.000000 0.000000 1.000000
1658132903.798799038 -0.011218 -0.010532 -0.003684 0.000000 0.000000 0.000000 1.000000
1658132903.899173021 -0.011771 -0.009172 -0.004883 0.000000 0.000000 0.000000 1.000000
1658132903.999603987 -0.012379 -0.006642 -0.004777 0.000000 0.000000 0.000000 1.000000
1658132904.099992990 -0.015486 -0.005006 -0.000751 0.000000 0.000000 0.000000 1.000000
1658132904.200521946 -0.021485 -0.003295 0.013490 0.000000 0.000000 0.000000 1.000000
1658132904.296000004 -0.029760 -0.002589 0.043153 0.000000 0.000000 0.000000 1.000000
1658132904.396354914 -0.039493 -0.003368 0.098970 0.000000 0.000000 0.000000 1.000000
1658132904.497240067 -0.050517 -0.003051 0.176371 0.000000 0.000000 0.000000 1.000000
1658132904.596992016 -0.060816 -0.003149 0.271123 0.000000 0.000000 0.000000 1.000000
1658132904.697382927 -0.068952 -0.001381 0.383115 0.000000 0.000000 0.000000 1.000000
1658132904.797759056 -0.072330 0.000393 0.509971 0.000000 0.000000 0.000000 1.000000
1658132904.898129940 -0.070257 0.003866 0.647129 0.000000 0.000000 0.000000 1.000000
1658132904.998517990 -0.065198 0.008968 0.798619 0.000000 0.000000 0.000000 1.000000
1658132905.098943949 -0.057992 0.008225 0.954657 0.000000 0.000000 0.000000 1.000000
1658132905.199598074 -0.053059 0.010113 1.110939 0.000000 0.000000 0.000000 1.000000
1658132905.296072006 -0.052895 0.014297 1.268509 0.000000 0.000000 0.000000 1.000000
1658132905.396158934 -0.055864 0.017365 1.430198 0.000000 0.000000 0.000000 1.000000
1658132905.496596098 -0.059908 0.018175 1.593010 0.000000 0.000000 0.000000 1.000000
1658132905.596936941 -0.064099 0.018277 1.753884 0.000000 0.000000 0.000000 1.000000
1658132905.697320938 -0.067008 0.017273 1.912714 0.000000 0.000000 0.000000 1.000000
1658132905.797694921 -0.069770 0.014647 2.074102 0.000000 0.000000 0.000000 1.000000
1658132905.898195028 -0.068517 0.014831 2.240974 0.000000 0.000000 0.000000 1.000000
1658132905.998471975 -0.066508 0.016097 2.408200 0.000000 0.000000 0.000000 1.000000
1658132906.098829985 -0.065840 0.014172 2.581631 0.000000 0.000000 0.000000 1.000000
1658132906.199491978 -0.066368 0.015211 2.761831 0.000000 0.000000 0.000000 1.000000
1658132906.295703888 -0.066923 0.017033 2.941188 0.000000 0.000000 0.000000 1.000000
1658132906.396754980 -0.068078 0.018977 3.142851 0.000000 0.000000 0.000000 1.000000
1658132906.498004913 -0.065081 0.018970 3.353284 0.000000 0.000000 0.000000 1.000000
1658132906.597604990 -0.064349 0.019877 3.570489 0.000000 0.000000 0.000000 1.000000
1658132906.698026896 -0.063283 0.018711 3.795212 0.000000 0.000000 0.000000 1.000000
1658132906.798973083 -0.061918 0.013668 4.022745 0.000000 0.000000 0.000000 1.000000
1658132906.898730040 -0.060314 0.014045 4.250415 0.000000 0.000000 0.000000 1.000000
1658132906.999010086 -0.058348 0.014867 4.480796 0.000000 0.000000 0.000000 1.000000
1658132907.099412918 -0.057138 0.013592 4.710923 0.000000 0.000000 0.000000 1.000000
1658132907.199867010 -0.055002 0.009747 4.952287 0.000000 0.000000 0.000000 1.000000
1658132907.296680927 -0.054851 0.009013 5.181913 0.000000 0.000000 0.000000 1.000000
1658132907.396065950 -0.054648 0.008446 5.417502 0.000000 0.000000 0.000000 1.000000
1658132907.496498108 -0.053801 0.005089 5.656463 0.000000 0.000000 0.000000 1.000000
1658132907.596873999 -0.054084 0.004064 5.891662 0.000000 0.000000 0.000000 1.000000
1658132907.697683096 -0.054995 0.006680 6.128006 0.000000 0.000000 0.000000 1.000000
1658132907.797596931 -0.055640 0.011126 6.366062 0.000000 0.000000 0.000000 1.000000
1658132907.898139000 -0.057916 0.016796 6.601262 0.000000 0.000000 0.000000 1.000000
1658132907.998424053 -0.057512 0.022322 6.839511 0.000000 0.000000 0.000000 1.000000
1658132908.098740101 -0.055238 0.027727 7.078397 0.000000 0.000000 0.000000 1.000000
1658132908.199672937 -0.052315 0.032028 7.318262 0.000000 0.000000 0.000000 1.000000
1658132908.297575951 -0.049197 0.034888 7.554287 0.000000 0.000000 0.000000 1.000000
1658132908.396560907 -0.046360 0.036888 7.790729 0.000000 0.000000 0.000000 1.000000
1658132908.496922016 -0.044024 0.038078 8.033696 0.000000 0.000000 0.000000 1.000000
1658132908.597389936 -0.041790 0.037866 8.275562 0.000000 0.000000 0.000000 1.000000
1658132908.697899103 -0.040318 0.041267 8.520302 0.000000 0.000000 0.000000 1.000000
1658132908.798187971 -0.038916 0.045014 8.770772 0.000000 0.000000 0.000000 1.000000
1658132908.898694038 -0.035389 0.044961 9.020453 0.000000 0.000000 0.000000 1.000000
1658132908.998802900 -0.033216 0.045532 9.267723 0.000000 0.000000 0.000000 1.000000
1658132909.099716902 -0.032187 0.046615 9.521627 0.000000 0.000000 0.000000 1.000000
1658132909.199548006 -0.031570 0.047859 9.772778 0.000000 0.000000 0.000000 1.000000
1658132909.295749903 -0.029814 0.049614 10.015354 0.000000 0.000000 0.000000 1.000000
1658132909.395977020 -0.028223 0.052159 10.268301 0.000000 0.000000 0.000000 1.000000
1658132909.498837948 -0.027398 0.056836 10.530199 0.000000 0.000000 0.000000 1.000000
1658132909.597158909 -0.027358 0.063252 10.778156 0.000000 0.000000 0.000000 1.000000
1658132909.697109938 -0.026457 0.066293 11.032982 0.000000 0.000000 0.000000 1.000000
1658132909.797509909 -0.025931 0.069089 11.283236 0.000000 0.000000 0.000000 1.000000
1658132909.898893118 -0.026015 0.072006 11.538994 0.000000 0.000000 0.000000 1.000000
1658132909.999011993 -0.025866 0.074544 11.789954 0.000000 0.000000 0.000000 1.000000
1658132910.101027966 -0.027039 0.078934 12.045314 0.000000 0.000000 0.000000 1.000000
1658132910.199179888 -0.028201 0.083913 12.291787 0.000000 0.000000 0.000000 1.000000
1658132910.295638084 -0.028583 0.088484 12.531866 0.000000 0.000000 0.000000 1.000000
1658132910.396198988 -0.028631 0.094566 12.782239 0.000000 0.000000 0.000000 1.000000
1658132910.496974945 -0.029376 0.101583 13.032382 0.000000 0.000000 0.000000 1.000000
1658132910.599147081 -0.030660 0.109798 13.290557 0.000000 0.000000 0.000000 1.000000
1658132910.698117971 -0.031804 0.116840 13.527007 0.000000 0.000000 0.000000 1.000000
1658132910.797791958 -0.032622 0.124995 13.774607 0.000000 0.000000 0.000000 1.000000
1658132910.898005962 -0.034619 0.134572 14.019944 0.000000 0.000000 0.000000 1.000000
1658132910.998851061 -0.036902 0.145066 14.273187 0.000000 0.000000 0.000000 1.000000
1658132911.098946095 -0.040068 0.152824 14.523385 0.000000 0.000000 0.000000 1.000000
1658132911.202316046 -0.043536 0.160206 14.782217 0.000000 0.000000 0.000000 1.000000
1658132911.295624971 -0.047242 0.164938 15.014520 0.000000 0.000000 0.000000 1.000000
1658132911.396686077 -0.051716 0.166172 15.260576 0.000000 0.000000 0.000000 1.000000
1658132911.496615887 -0.055461 0.169289 15.517039 0.000000 0.000000 0.000000 1.000000
1658132911.596820116 -0.058789 0.171841 15.769412 0.000000 0.000000 0.000000 1.000000
1658132911.697211027 -0.061295 0.174942 16.022484 0.000000 0.000000 0.000000 1.000000
1658132911.799814939 -0.064772 0.179919 16.282282 0.000000 0.000000 0.000000 1.000000
1658132911.898297071 -0.067727 0.185117 16.529607 0.000000 0.000000 0.000000 1.000000
1658132911.999825001 -0.071779 0.189987 16.782465 0.000000 0.000000 0.000000 1.000000
1658132912.099021912 -0.076771 0.194845 17.025429 0.000000 0.000000 0.000000 1.000000
1658132912.199147940 -0.083861 0.198519 17.264355 0.000000 0.000000 0.000000 1.000000
1658132912.295507908 -0.090747 0.201267 17.481902 0.000000 0.000000 0.000000 1.000000
1658132912.397135973 -0.097718 0.203807 17.688842 0.000000 0.000000 0.000000 1.000000
1658132912.497344017 -0.104286 0.207372 17.874074 0.000000 0.000000 0.000000 1.000000
1658132912.597940922 -0.110611 0.211149 18.032292 0.000000 0.000000 0.000000 1.000000
1658132912.698422909 -0.116922 0.214911 18.157278 0.000000 0.000000 0.000000 1.000000
1658132912.800009966 -0.121745 0.217572 18.248289 0.000000 0.000000 0.000000 1.000000
1658132912.898813009 -0.127813 0.220239 18.310502 0.000000 0.000000 0.000000 1.000000
1658132912.999759912 -0.133624 0.222456 18.349584 0.000000 0.000000 0.000000 1.000000
1658132913.099914074 -0.138509 0.222146 18.370872 0.000000 0.000000 0.000000 1.000000
1658132913.200911045 -0.144043 0.222779 18.379642 0.000000 0.000000 0.000000 1.000000
1658132913.295592070 -0.149123 0.220564 18.378728 0.000000 0.000000 0.000000 1.000000
1658132913.399200916 -0.154776 0.216844 18.371190 0.000000 0.000000 0.000000 1.000000
1658132913.497328043 -0.160912 0.212289 18.361237 0.000000 0.000000 0.000000 1.000000
1658132913.597538948 -0.166948 0.208914 18.350680 0.000000 0.000000 0.000000 1.000000
1658132913.697985888 -0.171914 0.205322 18.339407 0.000000 0.000000 0.000000 1.000000
1658132913.800116062 -0.175973 0.201457 18.328646 0.000000 0.000000 0.000000 1.000000
1658132913.898718119 -0.178303 0.195312 18.320764 0.000000 0.000000 0.000000 1.000000
1658132913.998924971 -0.179393 0.188866 18.313791 0.000000 0.000000 0.000000 1.000000
1658132914.099622965 -0.180923 0.181974 18.309436 0.000000 0.000000 0.000000 1.000000
1658132914.201673031 -0.181606 0.171568 18.305440 0.000000 0.000000 0.000000 1.000000
1658132914.295542002 -0.181066 0.165767 18.304443 0.000000 0.000000 0.000000 1.000000
1658132914.396858931 -0.180225 0.159709 18.303155 0.000000 0.000000 0.000000 1.000000
1658132914.496958017 -0.177547 0.151553 18.303671 0.000000 0.000000 0.000000 1.000000
1658132914.598309994 -0.175983 0.146874 18.305057 0.000000 0.000000 0.000000 1.000000
1658132914.697877884 -0.174737 0.142031 18.306634 0.000000 0.000000 0.000000 1.000000
1658132914.798121929 -0.173838 0.137421 18.307683 0.000000 0.000000 0.000000 1.000000
1658132914.898638964 -0.173893 0.130975 18.309084 0.000000 0.000000 0.000000 1.000000
1658132915.001563072 -0.173537 0.127221 18.310547 0.000000 0.000000 0.000000 1.000000
1658132915.099309921 -0.173230 0.122876 18.312284 0.000000 0.000000 0.000000 1.000000
1658132915.199790955 -0.172988 0.117646 18.314512 0.000000 0.000000 0.000000 1.000000
1658132915.295372963 -0.171293 0.113819 18.316451 0.000000 0.000000 0.000000 1.000000
1658132915.395787001 -0.169898 0.110146 18.318360 0.000000 0.000000 0.000000 1.000000
1658132915.496366978 -0.168777 0.108586 18.320364 0.000000 0.000000 0.000000 1.000000
1658132915.596581936 -0.166375 0.109608 18.322461 0.000000 0.000000 0.000000 1.000000
1658132915.696906090 -0.166047 0.110031 18.323120 0.000000 0.000000 0.000000 1.000000
1658132915.798307896 -0.165600 0.110872 18.322876 0.000000 0.000000 0.000000 1.000000
1658132915.897777081 -0.162598 0.109360 18.322754 0.000000 0.000000 0.000000 1.000000
1658132915.998013973 -0.161177 0.108015 18.322280 0.000000 0.000000 0.000000 1.000000
1658132916.098881960 -0.158809 0.105229 18.322144 0.000000 0.000000 0.000000 1.000000
1658132916.199609995 -0.155855 0.101935 18.323015 0.000000 0.000000 0.000000 1.000000
1658132916.295851946 -0.148973 0.095029 18.325628 0.000000 0.000000 0.000000 1.000000
1658132916.397145987 -0.143566 0.090844 18.328795 0.000000 0.000000 0.000000 1.000000
1658132916.498831987 -0.137382 0.086951 18.332224 0.000000 0.000000 0.000000 1.000000
1658132916.597098112 -0.129783 0.082252 18.335133 0.000000 0.000000 0.000000 1.000000
1658132916.697575092 -0.123458 0.079925 18.337402 0.000000 0.000000 0.000000 1.000000
1658132916.797808886 -0.118097 0.079346 18.338207 0.000000 0.000000 0.000000 1.000000
1658132916.898246050 -0.114632 0.080068 18.339111 0.000000 0.000000 0.000000 1.000000
1658132916.998645067 -0.111907 0.078299 18.340157 0.000000 0.000000 0.000000 1.000000
1658132917.100255966 -0.111748 0.081150 18.341064 0.000000 0.000000 0.000000 1.000000
1658132917.199368954 -0.112622 0.084370 18.342774 0.000000 0.000000 0.000000 1.000000
1658132917.297521114 -0.114362 0.085143 18.347032 0.000000 0.000000 0.000000 1.000000
1658132917.396290064 -0.116258 0.088279 18.356248 0.000000 0.000000 0.000000 1.000000
1658132917.498383999 -0.119080 0.093393 18.373631 0.000000 0.000000 0.000000 1.000000
1658132917.596895933 -0.122709 0.099972 18.399353 0.000000 0.000000 0.000000 1.000000
1658132917.698649883 -0.128953 0.110044 18.439652 0.000000 0.000000 0.000000 1.000000
1658132917.797812939 -0.134383 0.120530 18.492918 0.000000 0.000000 0.000000 1.000000
1658132917.899957895 -0.140463 0.131298 18.565192 0.000000 0.000000 0.000000 1.000000
1658132917.998538017 -0.147792 0.141267 18.656458 0.000000 0.000000 0.000000 1.000000
1658132918.099617958 -0.156401 0.150689 18.774760 0.000000 0.000000 0.000000 1.000000
1658132918.199081898 -0.166777 0.161319 18.917324 0.000000 0.000000 0.000000 1.000000
1658132918.296010971 -0.179234 0.173510 19.083944 0.000000 0.000000 0.000000 1.000000
1658132918.396574020 -0.196347 0.186097 19.287219 0.000000 0.000000 0.000000 1.000000
1658132918.496371031 -0.215955 0.207392 19.519631 0.000000 0.000000 0.000000 1.000000
1658132918.596427917 -0.239399 0.233426 19.789236 0.000000 0.000000 0.000000 1.000000
1658132918.697567940 -0.265712 0.263243 20.082143 0.000000 0.000000 0.000000 1.000000
1658132918.797343016 -0.294964 0.296031 20.391299 0.000000 0.000000 0.000000 1.000000
1658132918.897613049 -0.328140 0.330209 20.712187 0.000000 0.000000 0.000000 1.000000
1658132918.997894049 -0.365286 0.365683 21.044802 0.000000 0.000000 0.000000 1.000000
1658132919.100584984 -0.405996 0.400383 21.387686 0.000000 0.000000 0.000000 1.000000
1658132919.198744059 -0.445998 0.434645 21.717487 0.000000 0.000000 0.000000 1.000000
1658132919.295244932 -0.485058 0.468966 22.045147 0.000000 0.000000 0.000000 1.000000
1658132919.396408081 -0.524818 0.506437 22.389783 0.000000 0.000000 0.000000 1.000000
1658132919.497216940 -0.561099 0.543605 22.724586 0.000000 0.000000 0.000000 1.000000
1658132919.596573114 -0.597365 0.583295 23.061643 0.000000 0.000000 0.000000 1.000000
1658132919.697524071 -0.633197 0.625373 23.398334 0.000000 0.000000 0.000000 1.000000
1658132919.797338009 -0.667389 0.664841 23.724357 0.000000 0.000000 0.000000 1.000000
1658132919.898277998 -0.703082 0.707371 24.052854 0.000000 0.000000 0.000000 1.000000
1658132919.998090029 -0.738645 0.749466 24.372399 0.000000 0.000000 0.000000 1.000000
1658132920.099291086 -0.773998 0.793074 24.693251 0.000000 0.000000 0.000000 1.000000
1658132920.198930979 -0.809078 0.836346 25.009303 0.000000 0.000000 0.000000 1.000000
1658132920.295504093 -0.841898 0.879254 25.306997 0.000000 0.000000 0.000000 1.000000
1658132920.395750999 -0.876278 0.925076 25.614989 0.000000 0.000000 0.000000 1.000000
1658132920.496032000 -0.908805 0.973949 25.923365 0.000000 0.000000 0.000000 1.000000
1658132920.598824978 -0.944116 1.023258 26.232776 0.000000 0.000000 0.000000 1.000000
1658132920.696965933 -0.975560 1.066011 26.530282 0.000000 0.000000 0.000000 1.000000
1658132920.797116041 -1.006300 1.105886 26.838029 0.000000 0.000000 0.000000 1.000000
1658132920.897856951 -1.041938 1.154628 27.149417 0.000000 0.000000 0.000000 1.000000
1658132920.997967005 -1.077879 1.203796 27.453709 0.000000 0.000000 0.000000 1.000000
1658132921.098980904 -1.114260 1.254874 27.762737 0.000000 0.000000 0.000000 1.000000
1658132921.201018095 -1.151930 1.311796 28.075721 0.000000 0.000000 0.000000 1.000000
1658132921.295152903 -1.186314 1.360384 28.362211 0.000000 0.000000 0.000000 1.000000
1658132921.396599054 -1.223137 1.413045 28.671966 0.000000 0.000000 0.000000 1.000000
1658132921.496980906 -1.259588 1.465857 28.980303 0.000000 0.000000 0.000000 1.000000
1658132921.597364902 -1.295903 1.517968 29.287358 0.000000 0.000000 0.000000 1.000000
1658132921.697684050 -1.331169 1.567763 29.588596 0.000000 0.000000 0.000000 1.000000
1658132921.798085928 -1.367329 1.617220 29.894428 0.000000 0.000000 0.000000 1.000000
1658132921.898510933 -1.400834 1.664846 30.197389 0.000000 0.000000 0.000000 1.000000
1658132922.001410961 -1.437500 1.712022 30.510742 0.000000 0.000000 0.000000 1.000000
1658132922.099196911 -1.474161 1.754888 30.807433 0.000000 0.000000 0.000000 1.000000
1658132922.199970961 -1.511426 1.795977 31.113441 0.000000 0.000000 0.000000 1.000000
1658132922.295341015 -1.546558 1.837083 31.403791 0.000000 0.000000 0.000000 1.000000
1658132922.396625042 -1.582861 1.879735 31.708919 0.000000 0.000000 0.000000 1.000000
1658132922.496803045 -1.617409 1.921052 32.012009 0.000000 0.000000 0.000000 1.000000
1658132922.597873926 -1.651205 1.961922 32.319118 0.000000 0.000000 0.000000 1.000000
1658132922.697624922 -1.684014 2.002473 32.618944 0.000000 0.000000 0.000000 1.000000
1658132922.798055887 -1.716609 2.042444 32.917629 0.000000 0.000000 0.000000 1.000000
1658132922.898251057 -1.749900 2.084364 33.220542 0.000000 0.000000 0.000000 1.000000
1658132922.998687983 -1.782730 2.125878 33.522257 0.000000 0.000000 0.000000 1.000000
1658132923.099065065 -1.815433 2.165742 33.821922 0.000000 0.000000 0.000000 1.000000
1658132923.201466084 -1.848688 2.205941 34.130695 0.000000 0.000000 0.000000 1.000000
1658132923.295231104 -1.877006 2.242898 34.409450 0.000000 0.000000 0.000000 1.000000
1658132923.396353960 -1.908766 2.283091 34.714073 0.000000 0.000000 0.000000 1.000000
1658132923.496797085 -1.939635 2.320932 35.012081 0.000000 0.000000 0.000000 1.000000
1658132923.597453117 -1.971088 2.358893 35.314779 0.000000 0.000000 0.000000 1.000000
1658132923.697402954 -2.003904 2.396531 35.613045 0.000000 0.000000 0.000000 1.000000
1658132923.797844887 -2.037981 2.434765 35.919619 0.000000 0.000000 0.000000 1.000000
1658132923.898319006 -2.071281 2.470077 36.218170 0.000000 0.000000 0.000000 1.000000
1658132923.998548031 -2.104472 2.501589 36.517284 0.000000 0.000000 0.000000 1.000000
1658132924.098911047 -2.139194 2.537042 36.820124 0.000000 0.000000 0.000000 1.000000
1658132924.199328899 -2.173742 2.572512 37.122601 0.000000 0.000000 0.000000 1.000000
1658132924.295126915 -2.205112 2.604044 37.409695 0.000000 0.000000 0.000000 1.000000
1658132924.396133900 -2.238999 2.639432 37.710043 0.000000 0.000000 0.000000 1.000000
1658132924.496551991 -2.273849 2.674287 38.016402 0.000000 0.000000 0.000000 1.000000
1658132924.596884012 -2.309333 2.709329 38.322314 0.000000 0.000000 0.000000 1.000000
1658132924.697341919 -2.346099 2.740571 38.627489 0.000000 0.000000 0.000000 1.000000
1658132924.797663927 -2.383425 2.775075 38.930859 0.000000 0.000000 0.000000 1.000000
1658132924.898267984 -2.420819 2.809743 39.237678 0.000000 0.000000 0.000000 1.000000
1658132925.030922890 -2.469579 2.852715 39.641574 0.000000 0.000000 0.000000 1.000000
1658132925.098872900 -2.493978 2.875358 39.841526 0.000000 0.000000 0.000000 1.000000
1658132925.199239016 -2.530109 2.909092 40.145239 0.000000 0.000000 0.000000 1.000000
1658132925.295218945 -2.564274 2.942469 40.432834 0.000000 0.000000 0.000000 1.000000
1658132925.395488977 -2.598649 2.975798 40.734545 0.000000 0.000000 0.000000 1.000000
1658132925.495970011 -2.634469 3.010242 41.035024 0.000000 0.000000 0.000000 1.000000
1658132925.596291065 -2.671448 3.046047 41.334460 0.000000 0.000000 0.000000 1.000000
1658132925.696655989 -2.703310 3.074125 41.628604 0.000000 0.000000 0.000000 1.000000
1658132925.797419071 -2.738054 3.106904 41.932884 0.000000 0.000000 0.000000 1.000000
1658132925.897536039 -2.774013 3.141576 42.225471 0.000000 0.000000 0.000000 1.000000
1658132925.997808933 -2.813091 3.179824 42.537379 0.000000 0.000000 0.000000 1.000000
1658132926.098563910 -2.852393 3.217538 42.835886 0.000000 0.000000 0.000000 1.000000
1658132926.198591948 -2.890830 3.255476 43.141924 0.000000 0.000000 0.000000 1.000000
1658132926.295248032 -2.925786 3.289486 43.430773 0.000000 0.000000 0.000000 1.000000
1658132926.395971060 -2.961899 3.322316 43.735923 0.000000 0.000000 0.000000 1.000000
1658132926.496444941 -2.999336 3.358967 44.036633 0.000000 0.000000 0.000000 1.000000
1658132926.596776009 -3.037463 3.396306 44.340435 0.000000 0.000000 0.000000 1.000000
1658132926.697369099 -3.074990 3.431791 44.640956 0.000000 0.000000 0.000000 1.000000
1658132926.797842026 -3.114040 3.466744 44.947168 0.000000 0.000000 0.000000 1.000000
1658132926.898297071 -3.151022 3.503136 45.248662 0.000000 0.000000 0.000000 1.000000
1658132926.998313904 -3.187886 3.540306 45.547979 0.000000 0.000000 0.000000 1.000000
1658132927.098722935 -3.225113 3.575622 45.853247 0.000000 0.000000 0.000000 1.000000
1658132927.199001074 -3.262469 3.613934 46.155107 0.000000 0.000000 0.000000 1.000000
1658132927.295197010 -3.296603 3.651130 46.440036 0.000000 0.000000 0.000000 1.000000
1658132927.395706892 -3.332520 3.690752 46.742079 0.000000 0.000000 0.000000 1.000000
1658132927.496115923 -3.366387 3.728126 47.047883 0.000000 0.000000 0.000000 1.000000
1658132927.596461058 -3.402277 3.766476 47.345942 0.000000 0.000000 0.000000 1.000000
1658132927.696825981 -3.439046 3.805362 47.650776 0.000000 0.000000 0.000000 1.000000
1658132927.797321081 -3.475403 3.842963 47.951394 0.000000 0.000000 0.000000 1.000000
1658132927.897651911 -3.511381 3.879478 48.257100 0.000000 0.000000 0.000000 1.000000
1658132927.998053074 -3.546501 3.915231 48.561035 0.000000 0.000000 0.000000 1.000000
1658132928.098651886 -3.582308 3.950162 48.867900 0.000000 0.000000 0.000000 1.000000
1658132928.198635101 -3.616280 3.979170 49.168835 0.000000 0.000000 0.000000 1.000000
1658132928.295005083 -3.650612 4.011826 49.459213 0.000000 0.000000 0.000000 1.000000
1658132928.395546913 -3.686179 4.045960 49.759094 0.000000 0.000000 0.000000 1.000000
1658132928.495933056 -3.719667 4.075403 50.057771 0.000000 0.000000 0.000000 1.000000
1658132928.596313000 -3.754990 4.109535 50.355827 0.000000 0.000000 0.000000 1.000000
1658132928.696741104 -3.790674 4.143862 50.656236 0.000000 0.000000 0.000000 1.000000
1658132928.797086000 -3.826665 4.178398 50.955961 0.000000 0.000000 0.000000 1.000000
1658132928.897449017 -3.861226 4.210573 51.255836 0.000000 0.000000 0.000000 1.000000
1658132928.997864962 -3.896490 4.244986 51.552944 0.000000 0.000000 0.000000 1.000000
1658132929.098222017 -3.932386 4.279498 51.852817 0.000000 0.000000 0.000000 1.000000
1658132929.198951006 -3.968249 4.311968 52.152870 0.000000 0.000000 0.000000 1.000000
1658132929.294986010 -4.001911 4.345166 52.439386 0.000000 0.000000 0.000000 1.000000
1658132929.396553993 -4.037675 4.381104 52.744146 0.000000 0.000000 0.000000 1.000000
1658132929.496853113 -4.073836 4.416282 53.044533 0.000000 0.000000 0.000000 1.000000
1658132929.597191095 -4.109392 4.449002 53.343739 0.000000 0.000000 0.000000 1.000000
1658132929.697550058 -4.145190 4.486085 53.645834 0.000000 0.000000 0.000000 1.000000
1658132929.798244953 -4.181621 4.523937 53.952908 0.000000 0.000000 0.000000 1.000000
1658132929.898911953 -4.215811 4.556579 54.254085 0.000000 0.000000 0.000000 1.000000
1658132929.999039888 -4.250759 4.592262 54.553656 0.000000 0.000000 0.000000 1.000000
1658132930.099083900 -4.285613 4.627375 54.853619 0.000000 0.000000 0.000000 1.000000
1658132930.199388981 -4.320602 4.662965 55.156769 0.000000 0.000000 0.000000 1.000000
1658132930.295094013 -4.352580 4.692864 55.443259 0.000000 0.000000 0.000000 1.000000
1658132930.395550966 -4.387130 4.729657 55.738102 0.000000 0.000000 0.000000 1.000000
1658132930.495654106 -4.421517 4.767607 56.044962 0.000000 0.000000 0.000000 1.000000
1658132930.596122026 -4.455556 4.806194 56.347952 0.000000 0.000000 0.000000 1.000000
1658132930.697017908 -4.486942 4.842247 56.633440 0.000000 0.000000 0.000000 1.000000
1658132930.796850920 -4.518728 4.878716 56.937451 0.000000 0.000000 0.000000 1.000000
1658132930.897192001 -4.552314 4.916562 57.237532 0.000000 0.000000 0.000000 1.000000
1658132930.997667074 -4.584556 4.950914 57.543977 0.000000 0.000000 0.000000 1.000000
1658132931.097985983 -4.619319 4.990455 57.846025 0.000000 0.000000 0.000000 1.000000
1658132931.198342085 -4.654115 5.030527 58.148499 0.000000 0.000000 0.000000 1.000000
1658132931.295104980 -4.688845 5.066522 58.438323 0.000000 0.000000 0.000000 1.000000
1658132931.396074057 -4.725164 5.106072 58.740458 0.000000 0.000000 0.000000 1.000000
